21.2  -20.0
21.2  -10.0
21.2  0.0
21.2  10.0

21.2  20 

20.1  -20.0
20.1  -10.0
20.1  0.0
20.1  10.0

-20.6  -20.0
-20.6  -10.0
-20.6  0.0
-20.6  10.0

-19.8  -20.0
-19.8  -10.0
-19.8  0.0
-19.8  10.0

19.6  -21.4
9.6  -21.4
-0.4  -21.4
-10.4  -21.4

19.4  -21.1
9.4  -21.1
-0.6  -21.1
-10.6  -21.1

21.1  19.1

19.7  19.5
9.7  19.5
-0.3  19.5
-10.3  19.5

19.7  19.1
9.7  19.1
-0.3  19.1
-10.3  19.1

6.2  -7.6
6.8  -7.0
6.2  -6.4
5.6  -7.0

6.2  4.4
6.8  5.0
6.2  5.6
5.6  5.0

-5.8  4.4
-5.2  5.0
-5.8  5.6
-6.4  -7.0

